Time evaluated..
time is: 4.3
Control evaluated..
Traectory: 
[7,7,-1,1]
[6.89881,7.09463,-1.02386,0.892619]
[6.79523,7.17852,-1.04772,0.785239]
[6.68926,7.25168,-1.07159,0.677858]
[6.58091,7.3141,-1.09545,0.570478]
[6.47017,7.36577,-1.11931,0.463097]
[6.35705,7.40671,-1.14317,0.355717]
[6.24154,7.43692,-1.16704,0.248336]
[6.12364,7.45638,-1.1909,0.140955]
[6.00336,7.46511,-1.21476,0.0335748]
[5.88069,7.4631,-1.23862,-0.0738058]
[5.75563,7.45035,-1.26249,-0.181186]
[5.62819,7.42686,-1.28635,-0.288567]
[5.49836,7.39263,-1.31021,-0.395947]
[5.36615,7.34767,-1.33407,-0.503328]
[5.23155,7.29197,-1.35794,-0.610709]
[5.09456,7.22553,-1.3818,-0.718089]
[4.95519,7.14835,-1.40566,-0.82547]
[4.81343,7.06043,-1.42952,-0.93285]
[4.66928,6.96178,-1.45338,-1.04023]
[4.52275,6.85239,-1.47725,-1.14761]
[4.37384,6.73226,-1.50111,-1.25499]
[4.22253,6.60139,-1.52497,-1.36237]
[4.06884,6.45978,-1.54883,-1.46975]
[3.91276,6.30744,-1.5727,-1.57713]
[3.75376,6.14451,-1.60748,-1.68149]
[3.59181,5.97099,-1.63134,-1.78887]
[3.42694,5.78689,-1.66613,-1.89322]
[3.25913,5.59219,-1.68999,-2.00061]
[3.0884,5.38692,-1.72478,-2.10496]
[2.91473,5.17105,-1.74864,-2.21234]
[2.73812,4.9446,-1.78342,-2.3167]
[2.55859,4.70756,-1.80729,-2.42408]
[2.37612,4.45993,-1.84207,-2.52843]
[2.19072,4.20172,-1.86593,-2.63581]
[2.00239,3.93292,-1.90072,-2.74017]
[1.81112,3.65354,-1.92458,-2.84755]
[1.61692,3.36357,-1.95937,-2.9519]
[1.41925,3.06316,-1.99415,-3.05626]
[1.21864,2.75216,-2.01801,-3.16364]
[1.01565,2.43043,-2.04188,-3.27102]
[0.809718,2.09811,-2.07666,-3.37537]
[0.600313,1.75535,-2.11145,-3.47973]
[0.387975,1.40201,-2.13531,-3.58711];
Evaluation time: 2328
